-6.458 	-6.441 	-6.404 	-6.344 	-6.262 	-6.158 	-6.035 	-5.891 	-5.73 	-5.55
-5.354 	-5.141 	-4.913 	-4.669 	-4.411 	-4.138 	-3.852 	-3.554 	-3.243 	-2.92
-2.587 	-2.243 	-1.889 	-1.527 	-1.156 	-0.778 	-0.392 	0 	0.397 	0.798
1.203 	1.612 	2.023 	2.436 	2.851 	3.267 	3.682 	4.096 	4.509 	4.92
5.328 	5.735 	6.138 	6.54 	6.941 	7.34 	7.739 	8.138 	8.539 	8.94
9.343 	9.747 	10.153 	10.561 	10.971 	11.382 	11.795 	12.209 	12.624 	13.04
13.457 	13.874 	14.293 	14.713 	15.133 	15.554 	15.975 	16.397 	16.82 	17.243
17.667 	18.091 	18.516 	18.941 	19.366 	19.792 	20.218 	20.644 	21.071 	21.497
21.924 	22.35 	22.776 	23.203 	23.629 	24.055 	24.48 	24.905 	25.33 	25.755
26.179 	26.602 	27.025 	27.447 	27.869 	28.289 	28.71 	29.129 	29.548 	29.965
30.382 	30.798 	31.213 	31.628 	32.041 	32.453 	32.865 	33.275 	33.685 	34.093
34.501 	34.908 	35.313 	35.718 	36.121 	36.524 	36.925 	37.326 	37.725 	38.124
38.522 	38.918 	39.314 	39.708 	40.101 	40.494 	40.885 	41.276 	41.665 	42.053
42.44 	42.826 	43.211 	43.595 	43.978 	44.359 	44.74 	45.119 	45.497 	45.873
46.249 	46.623 	46.995 	47.367 	47.737 	48.105 	48.473 	48.838 	49.202 	49.565
49.926 	50.286 	50.644 	51 	51.355 	51.708 	52.06 	52.41 	52.759 	53.106
53.451 	53.795 	54.138 	54.479 	54.819